     SUBJ CRSE_NUMB  Total_Students  Total_Failures  Failure_Rate
0     ACG      2021           13474          2716.0     20.157340
3     ACG      3074            1049           196.0     18.684461
4     ACG      3103            2923           762.0     26.069107
5     ACG      3113            2121           309.0     14.568600
6     ACG      3341            2586           472.0     18.252127
104   AMH      2010            1629           163.0     10.006139
214   ANT      3101            4407           569.0     12.911278
268   ANT      4930            1468           152.0     10.354223
273   APK      3120            1758           260.0     14.789534
327   ARH      2050            3132           404.0     12.899106
410   ASL     2140C            3839           592.0     15.420682
471   BCH      3053            9655          1044.0     10.813050
526   BSC      1020            2093           240.0     11.466794
527   BSC      2010           19358          3235.0     16.711437
529   BSC      2011           17287          1838.0     10.632267
692   CDA      3103            2568           296.0     11.526480
750   CGS      1540            2423           259.0     10.689228
752   CGS      2060            1025           209.0     20.390244
785   CHM      2210           18036          3617.0     20.054336
787   CHM      2211           12329          1894.0     15.362154
793   CHM      3610            1660           186.0     11.204819
950   CLT      3370            1459           244.0     16.723783
1006  COP      2512            2063           559.0     27.096461
1007  COP      2513            1749           430.0     24.585477
1016  COP      3514            2919           429.0     14.696814
1038  COP      4931            1559           164.0     10.519564
1049  COT      3100            2767           304.0     10.986628
1060  CPO      4034            1379           153.0     11.094996
1169  ECH      3002            1148           125.0     10.888502
1170  ECH      3023            1172           439.0     37.457338
1210  ECO      1000            2048           253.0     12.353516
1211  ECO      2013           16962          1719.0     10.134418
1212  ECO      2023           15671          2139.0     13.649416
1214  ECO      3101            2170           375.0     17.281106
1217  ECO      3703            1888           317.0     16.790254
1334  EDF      3604            3970           529.0     13.324937
1447  EEE      3394            1393           162.0     11.629576
1611  EGN      1113            2255           238.0     10.554324
1612  EGN      3000           13640          1656.0     12.140762
1615  EGN      3311            4625          1043.0     22.551351
1616  EGN      3321            2905           468.0     16.110155
1619  EGN      3343            3930           606.0     15.419847
1622  EGN      3373            4045           472.0     11.668727
1627  EGN      3443            6662           854.0     12.818973
1628  EGN      3615            5799           735.0     12.674599
1633  EGN      4905            1388           213.0     15.345821
1685  EME      2040            1401           146.0     10.421128
1686  EME      4390            1417           153.0     10.797459
1711  EML      3035            1664           193.0     11.598558
1717  EML     4106C            1380           172.0     12.463768
1718  EML      4123            1161           127.0     10.938846
1719  EML      4220            1173           163.0     13.895993
1724  EML      4312            1072           129.0     12.033582
1725  EML      4325            1392           261.0     18.750000
1760  ENC      1101           25852          2746.0     10.622002
1917  ESC      2000            5853           841.0     14.368700
2025  FIL      1002            1065           113.0     10.610329
2043  FIN      3403           12971          1714.0     13.214093
2111  FRE      1120            2329           252.0     10.820094
2176  GEO      2200            1161           128.0     11.024978
2314  GLY      2100            2754           416.0     15.105301
2513  HIS      3938            4482           477.0     10.642570
2572  HSC      4551            6773           944.0     13.937694
2708  INR      2002            2251           228.0     10.128832
2756  ISM      3011           14193          1697.0     11.956598
2759  ISM      3232            1835           194.0     10.572207
2819  ISS      3010            1737           234.0     13.471503
2859  JPN      1120            1081           114.0     10.545791
2963  LIS      2005            2643           456.0     17.253121
2966  LIS      3261            1341           140.0     10.439970
3087  MAC      1105           20680          3255.0     15.739845
3088  MAC      1147           22004          3337.0     15.165424
3089  MAC      2233           12641          2282.0     18.052369
3090  MAC      2241            7185          1137.0     15.824635
3092  MAC      2281            6831          1260.0     18.445323
3093  MAC      2282            6373          1300.0     20.398556
3094  MAC      2283            5036           577.0     11.457506
3095  MAC      2311           10895          2467.0     22.643414
3096  MAC      2312            5516          1203.0     21.809282
3097  MAC      2313            3780           537.0     14.206349
3098  MAD      2104            2469           299.0     12.110166
3201  MAP      2302            4652           538.0     11.564918
3267  MAT      1033            2526           290.0     11.480602
3284  MCB      3410            3114           317.0     10.179833
3307  MGF      1106            5701           700.0     12.278548
3308  MGF      1107            2066           216.0     10.454985
3309  MGF      3301            1029           224.0     21.768707
3501  MUC      2301            1139           121.0     10.623354
3587  MUS      2010            1662           302.0     18.170878
4071  PCB      3023            9774          1195.0     12.226315
4085  PCB      4234            1358           221.0     16.273932
4461  PHI      2010           11628          1251.0     10.758514
4472  PHI      4320            1377           164.0     11.909949
4510  PHY      2048           11371          1671.0     14.695277
4514  PHY      2053           15151          2083.0     13.748267
4575  POS      2112            1101           205.0     18.619437
4584  POS      3713            1677           212.0     12.641622
4609  POT      3003            2093           250.0     11.944577
4618  PSB      3444            5166           544.0     10.530391
4620  PSB     4004C            2943           412.0     13.999320
4623  PSY      2012           19928          2111.0     10.593135
4624  PSY      3204            5339          1013.0     18.973591
4625  PSY      3213            8880          1183.0     13.322072
4626  PSY      4205            2043           292.0     14.292707
4660  QMB      2100            7905           898.0     11.359899
4661  QMB      3200           12992          1730.0     13.315887
4744  REL      2300            9202          1062.0     11.540969
4754  REL      3167            1418           169.0     11.918195
4976  SPA      3030            1674           171.0     10.215054
5174  STA      2023           26023          3845.0     14.775391
5175  STA      2122            8127          1156.0     14.224191
5201  SYA      3110            1353           162.0     11.973392
5258  TAX      4001            2088           211.0     10.105364
5419  WST      2250            1283           132.0     10.288387
5424  WST      3324            1707           232.0     13.591095
